14159265358979323846
26433832795028841971
69399375105820974944
59230781640628620899
86280348253421170679
82148086513282306647
09384460955058223172
53594081284811174502
84102701938521105559
64462294895493038196
44288109756659334461
28475648233786783165
27120190914564856692
34603486104543266482
13393607260249141273
72458700660631558817
48815209209628292540
91715364367892590360
01133053054882046652
13841469519415116094
33057270365759591953
09218611738193261179
31051185480744623799
62749567351885752724
89122793818301194912
98336733624406566430
86021394946395224737
19070217986094370277
05392171762931767523
84674818467669405132
00056812714526356082
77857713427577896091
73637178721468440901
22495343014654958537
10507922796892589235
42019956112129021960
86403441815981362977
47713099605187072113
49999998372978049951
05973173281609631859
50244594553469083026
42522308253344685035
26193118817101000313
78387528865875332083
81420617177669147303
59825349042875546873
11595628638823537875
93751957781857780532
17122680661300192787
66111959092164201989
38095257201065485863
27886593615338182796
82303019520353018529
68995773622599413891
24972177528347913151
55748572424541506959
50829533116861727855
88907509838175463746
49393192550604009277
01671139009848824012
85836160356370766010
47101819429555961989
46767837449448255379
77472684710404753464
62080466842590694912
93313677028989152104
75216205696602405803
81501935112533824300
35587640247496473263
91419927260426992279
67823547816360093417
21641219924586315030
28618297455570674983
85054945885869269956
90927210797509302955
32116534498720275596
02364806654991198818
34797753566369807426
54252786255181841757
46728909777727938000
81647060016145249192
17321721477235014144
19735685481613611573
52552133475741849468
43852332390739414333
45477624168625189835
69485562099219222184
27255025425688767179
04946016534668049886
27232791786085784383
82796797668145410095
38837863609506800642
25125205117392984896
08412848862694560424
19652850222106611863
06744278622039194945
04712371378696095636
43719172874677646575
73962413890865832645
99581339047802759009
94657640789512694683
98352595709825822620
52248940772671947826
84826014769909026401
36394437455305068203
49625245174939965143
14298091906592509372
21696461515709858387
41059788595977297549
89301617539284681382
68683868942774155991
85592524595395943104
99725246808459872736
44695848653836736222
62609912460805124388
43904512441365497627
80797715691435997700
12961608944169486855
58484063534220722258
28488648158456028506
01684273945226746767
88952521385225499546
66727823986456596116
35488623057745649803
55936345681743241125
15076069479451096596
09402522887971089314
56691368672287489405
60101503308617928680
92087476091782493858
90097149096759852613
65549781893129784821
68299894872265880485
75640142704775551323
79641451523746234364
54285844479526586782
10511413547357395231
13427166102135969536
23144295248493718711
01457654035902799344
03742007310578539062
19838744780847848968
33214457138687519435
06430218453191048481
00537061468067491927
81911979399520614196
63428754440643745123
71819217999839101591
95618146751426912397
48940907186494231961
56794520809514655022
52316038819301420937
62137855956638937787
08303906979207734672
21825625996615014215
03068038447734549202
60541466592520149744
28507325186660021324
34088190710486331734
64965145390579626856
10055081066587969981
63574736384052571459
10289706414011097120
62804390397595156771
57700420337869936007
23055876317635942187
31251471205329281918
26186125867321579198
41484882916447060957
52706957220917567116
72291098169091528017
35067127485832228718
35209353965725121083
57915136988209144421
00675103346711031412
67111369908658516398
31501970165151168517
14376576183515565088
49099898599823873455
28331635507647918535
89322618548963213293
30898570642046752590
70915481416549859461
63718027098199430992
44889575712828905923
23326097299712084433
57326548938239119325
97463667305836041428
13883032038249037589
85243744170291327656
18093773444030707469
21120191302033038019
76211011004492932151
60842444859637669838
95228684783123552658
21314495768572624334
41893039686426243410
77322697802807318915
44110104468232527162
01052652272111660396
66557309254711055785
37634668206531098965
26918620564769312570
58635662018558100729
36065987648611791045
33488503461136576867
53249441668039626579
78771855608455296541
26654085306143444318
58676975145661406800
70023787765913440171
27494704205622305389
94561314071127000407
85473326993908145466
46458807972708266830
63432858785698305235
80893306575740679545
71637752542021149557
61581400250126228594
13021647155097925923
09907965473761255176
56751357517829666454
77917450112996148903
04639947132962107340
43751895735961458901
93897131117904297828
56475032031986915140
28708085990480109412
14722131794764777262
24142548545403321571
85306142288137585043
06332175182979866223
71721591607716692547
48738986654949450114
65406284336639379003
97692656721463853067
36096571209180763832
71664162748888007869
25602902284721040317
21186082041900042296
61711963779213375751
14959501566049631862
94726547364252308177
03675159067350235072
83540567040386743513
62222477158915049530
98444893330963408780
76932599397805419341
44737744184263129860
80998886874132604721
56951623965864573021
63159819319516735381
29741677294786724229
24654366800980676928
23828068996400482435
40370141631496589794
09243237896907069779
42236250822168895738
37986230015937764716
51228935786015881617
55782973523344604281
51262720373431465319
77774160319906655418
76397929334419521541
34189948544473456738
31624993419131814809
27777103863877343177
20754565453220777092
12019051660962804909
26360197598828161332
31666365286193266863
36062735676303544776
28035045077723554710
58595487027908143562
40145171806246436267
94561275318134078330
33625423278394497538
24372058353114771199
26063813346776879695
97030983391307710987
04085913374641442822
77263465947047458784
77872019277152807317
67907707157213444730
60570073349243693113
83504931631284042512
19256517980694113528
01314701304781643788
51852909285452011658
39341965621349143415
95625865865570552690
49652098580338507224
26482939728584783163
05777756068887644624
82468579260395352773
48030480290058760758
25104747091643961362
67604492562742042083
20856611906254543372
13153595845068772460
29016187667952406163
42522577195429162991
93064553779914037340
43287526288896399587
94757291746426357455
25407909145135711136
94109119393251910760
20825202618798531887
70584297259167781314
96990090192116971737
27847684726860849003
37702424291651300500
51683233643503895170
29893922334517220138
12806965011784408745
19601212285993716231
30171144484640903890
64495444006198690754
85160263275052983491
87407866808818338510
22833450850486082503
93021332197155184306
35455007668282949304
13776552793975175461
39539846833936383047
46119966538581538420
56853386218672523340
28308711232827892125
07712629463229563989
89893582116745627010
21835646220134967151
88190973038119800497
34072396103685406643
19395097901906996395
52453005450580685501
95673022921913933918
56803449039820595510
02263535361920419947
45538593810234395544
95977837790237421617
27111723643435439478
22181852862408514006
66044332588856986705
43154706965747458550
33232334210730154594
05165537906866273337
99585115625784322988
27372319898757141595
78111963583300594087
30681216028764962867
44604774649159950549
73742562690104903778
19868359381465741268
04925648798556145372
34786733039046883834
36346553794986419270
56387293174872332083
76011230299113679386
27089438799362016295
15413371424892830722
01269014754668476535
76164773794675200490
75715552781965362132
39264061601363581559
07422020203187277605
27721900556148425551
87925303435139844253
22341576233610642506
39049750086562710953
59194658975141310348
22769306247435363256
91607815478181152843
66795706110861533150
44521274739245449454
23682886061340841486
37767009612071512491
40430272538607648236
34143346235189757664
52164137679690314950
19108575984423919862
91642193994907236234
64684411739403265918
40443780513338945257
42399508296591228508
55582157250310712570
12668302402929525220
11872676756220415420
51618416348475651699
98116141010029960783
86909291603028840026
91041407928862150784
24516709087000699282
12066041837180653556
72525325675328612910
42487761825829765157
95984703562226293486
00341587229805349896
50226291748788202734
20922224533985626476
69149055628425039127
57710284027998066365
82548892648802545661
01729670266407655904
29099456815065265305
37182941270336931378
51786090407086671149
65583434347693385781
71138645587367812301
45876871266034891390
95620099393610310291
61615288138437909904
23174733639480457593
14931405297634757481
19356709110137751721
00803155902485309066
92037671922033229094
33467685142214477379
39375170344366199104
03375111735471918550
46449026365512816228
82446257591633303910
72253837421821408835
08657391771509682887
47826569959957449066
17583441375223970968
34080053559849175417
38188399944697486762
65516582765848358845
31427756879002909517
02835297163445621296
40435231176006651012
41200659755851276178
58382920419748442360
80071930457618932349
22927965019875187212
72675079812554709589
04556357921221033346
69749923563025494780
24901141952123828153
09114079073860251522
74299581807247162591
66854513331239480494
70791191532673430282
44186041426363954800
04480026704962482017
92896476697583183271
31425170296923488962
76684403232609275249
60357996469256504936
81836090032380929345
95889706953653494060
34021665443755890045
63288225054525564056
44824651518754711962
18443965825337543885
69094113031509526179
37800297412076651479
39425902989695946995
56576121865619673378
62362561252163208628
69222103274889218654
36480229678070576561
51446320469279068212
07388377814233562823
60896320806822246801
22482611771858963814
09183903673672220888
32151375560037279839
40041529700287830766
70944474560134556417
25437090697939612257
14298946715435784687
88614445812314593571
98492252847160504922
12424701412147805734
55105008019086996033
02763478708108175450
11930714122339086639
38339529425786905076
43100638351983438934
15961318543475464955
69781038293097164651
43840700707360411237
35998434522516105070
27056235266012764848
30840761183013052793
20542746286540360367
45328651057065874882
25698157936789766974
22057505968344086973
50201410206723585020
07245225632651341055
92401902742162484391
40359989535394590944
07046912091409387001
26456001623742880210
92764579310657922955
24988727584610126483
69998922569596881592
05600101655256375678
56672279661988578279
48488558343975187445
45512965634434803966
42055798293680435220
27709842942325330225
76341807039476994159
79159453006975214829
33665556615678736400
53666564165473217043
90352132954352916941
45990416087532018683
79370234888689479151
07163785290234529244
07736594956305100742
10871426134974595615
13849871375704710178
79573104229690666702
14498637464595280824
36944578977233004876
47652413390759204340
19634039114732023380
71509522201068256342
74716460243354400515
21266932493419673977
04159568375355516673
02739007497297363549
64533288869844061196
49616277344951827369
55882207573551766515
89855190986665393549
48106887320685990754
07923424023009259007
01731960362254756478
94064754834664776041
14632339056513433068
44953979070903023460
46147096169688688501
40834704054607429586
99138296682468185710
31887906528703665083
24319744047718556789
34823089431068287027
22809736248093996270
60747264553992539944
28081137369433887294
06307926159599546262
46297070625948455690
34711972996409089418
05953439325123623550
81349490043642785271
38315912568989295196
42728757394691427253
43669415323610045373
04881985517065941217
35246258954873016760
02988659257866285612
49665523533829428785
42534048308330701653
72285635591525347844
59818313411290019992
05981352205117336585
64078264849427644113
76393866924803118364
45369858917544264739
98822846218449008777
69776312795722672655
56259628254276531830
01340709223343657791
60128093179401718598
59993384923549564005
70995585611349802524
99066984233017350358
04408116855265311709
95708994273287092584
87894436460050410892
26691783525870785951
29834417295351953788
55345737426085902908
17651557803905946408
73506123226112009373
10804854852635722825
76820341605048466277
50450031262008007998
04925485346941469775
16493270950493463938
24322271885159740547
02148289711177792376
12257887347718819682
54629812686858170507
40272550263329044976
27789442362167411918
62694396506715157795
86756482399391760426
01763387045499017614
36412046921823707648
87834196896861181558
15873606293860381017
12158552726683008238
34046564758804051380
80163363887421637140
64354955618689641122
82140753302655100424
10489678352858829024
36709048871181909094
94533144218287661810
31007354770549815968
07720094746961343609
28614849417850171807
79306810854690009445
89952794243981392135
05586422196483491512
63901280383200109773
86806628779239718014
61343244572640097374
25700735921003154150
89367930081699805365
20276007277496745840
02836240534603726341
65542590276018348403
06811381855105979705
66400750942608788573
57960373245141467867
03688098806097164258
49759513806930944940
15154222219432913021
73912538355915031003
33032511174915696917
45027149433151558854
03922164097229101129
03552181576282328318
23425483261119128009
28252561902052630163
91147724733148573910
77758744253876117465
78671169414776421441
11126358355387136101
10232679877564102468
24032264834641766369
80663785768134920453
02240819727856471983
96308781543221166912
24641591177673225326
43356861461865452226
81268872684459684424
16107854016768142080
88502800541436131462
30821025941737562389
94207571362751674573
18918945628352570441
33543758575342698699
47254703165661399199
96826282472706413362
22178923903176085428
94373393561889165125
04244040089527198378
73864805847268954624
38823437517885201439
56005710481194988423
90606136957342315590
79670346149143447886
36041031823507365027
78590897578272731305
04889398900992391350
33732508559826558670
89242612429473670193
90772713070686917092
64625484232407485503
66080136046689511840
09366860954632500214
58529309500009071510
58236267293264537382
10493872499669933942
46855164832611341461
10680267446637334375
34076429402668297386
52209357016263846485
28514903629320199199
68828517183953669134
52224447080459239660
28171565515656661113
59823112250628905854
91450971575539002439
31535190902107119457
30024388017661503527
08626025378817975194
78061013715004489917
21002220133501310601
63915415895780371177
92775225978742891917
91552241718958536168
05947412341933984202
18745649256443462392
53195313510331147639
49119950728584306583
61935369329699289837
91494193940608572486
39688369032655643642
16644257607914710869
98431573374964883529
27693282207629472823
81537409961545598798
25989109371712621828
30258481123890119682
21429457667580718653
80650648702613389282
29949725745303328389
63818439447707794022
84359883410035838542
38973542439564755568
40952248445541392394
10001620769363684677
64130178196593799715
57468541946334893748
43912974239143365936
04100352343777065888
67781139498616478747
14079326385873862473
28896456435987746676
38479466504074111825
65837887845485814896
29612739984134427260
86061872455452360643
15371011274680977870
44640947582803487697
58948328241239292960
58294861919667091895
80898332012103184303
40128495116203534280
14412761728583024355
98300320420245120728
72535581195840149180
96925339507577840006
74655260314461670508
27682772223534191102
63416315714740612385
04258459884199076112
87258059113935689601
43166828317632356732
54170734208173322304
62987992804908514094
79036887868789493054
69557030726190095020
76433493359106024545
08645362893545686295
85313153371838682656
17862273637169757741
83023986006591481616
40494496501173213138
95747062088474802365
37103115089842799275
44268532779743113951
43574172219759799359
68525228574526379628
96126915723579866205
73408375766873884266
40599099350500081337
54324546359675048442
35284874701443545419
57625847356421619813
40734685411176688311
86544893776979566517
27966232671481033864
39137518659467300244
34500544995399742372
32871249483470604406
34716063258306498297
95510109541836235030
30945309733583446283
94763047756450150085
07578949548931393944
89921612552559770143
68589435858775263796
25597081677643800125
43650237141278346792
61019955852247172201
77723700417808419423
94872540680155603599
83905489857235467456
42390585850216719031
39526294455439131663
13453089390620467843
87785054239390524731
36201294769187497519
10114723152893267725
33918146607300089027
76896311481090220972
45207591672970078505
80717186381054967973
10016787085069420709
22329080703832634534
52038027860990556900
13413718236837099194
95164896007550493412
67876436746384902063
96401976668559233565
46391383631857456981
47196210841080961884
60545603903845534372
91414465134749407848
84423772175154334260
30669883176833100113
31086904219390310801
43784334151370924353
01367763108491351615
64226984750743032971
67469640666531527035
32546711266752246055
11995818319637637076
17991919203579582007
59560530234626775794
39363074630569010801
14942714100939136913
81072581378135789400
55995001835425118417
21360557275221035268
03735726527922417373
60575112788721819084
49006178013889710770
82293100279766593583
87589093956881485602
63224393726562472776
03789081445883785501
97028437793624078250
52704875816470324581
29087839523245323789
60298416692254896497
15606981192186584926
77040395648127810217
99132174163058105545
98801300484562997651
12124153637451500563
50701278159267142413
42103301566165356024
73380784302865525722
27530499988370153487
93008062601809623815
16136690334111138653
85109193673938352293
45888322550887064507
53947395204396807906
70868064450969865488
01682874343786126453
81583428075306184548
59037982179945996811
54419742536344399602
90251001588827216474
50068207041937615845
47123183460072629339
55054823955713725684
02322682130124767945
22644820910235647752
72308208106351889915
26928891084555711266
03965034397896278250
01611015323516051965
59042118449499077899
92007329476905868577
87872098290135295661
39788848605097860859
57017731298155314951
68146717695976099421
00361835591387778176
98458758104466283998
80600616229848616935
33738657877359833616
13384133853684211978
93890018529569196780
45544828584837011709
67212535338758621582
31013310387766827211
57269495181795897546
93992642197915523385
76623167627547570354
69941489290413018638
61194391962838870543
67774322427680913236
54494853667680000010
65262485473055861598
99914017076983854831
88750142938908995068
54530765116803337322
26517566220752695179
14422528081651716677
66727930354851542040
23817460892328391703
27542575086765511785
93950027933895920576
68278967764453184040
41855401043513483895
31201326378369283580
82719378312654961745
99705674507183320650
34556644034490453627
56001125018433560736
12227659492783937064
78426456763388188075
65612168960504161139
03906396016202215368
49410926053876887148
37989559999112099164
64644119185682770045
74243434021672276445
58933012778158686952
50694993646101756850
60167145354315814801
05458860564550133203
75864548584032402987
17093480910556211671
54684847780394475697
98042631809917564228
09873998766973237695
73701580806822904599
21236616890259627304
30679316531149401764
73769387351409336183
32161428021497633991
89835484875625298752
42387307755955595546
51963944018218409984
12489826236737714672
26061633643296406335
72810707887581640438
14850188411431885988
27694490119321296827
15888413386943468285
90066640806314077757
72570563072940049294
03024204984165654797
36705485580445865720
22763784046682337985
28271057843197535417
95011347273625774080
21347682604502285157
97957976474670228409
99561601569108903845
82450267926594205550
39587922981852648007
06837650418365620945
55434613513415257006
59748819163413595567
19649654032187271602
64859304903978748958
90661272507948282769
38953521753621850796
29778514618843271922
32238101587444505286
65238022532843891375
27384589238442253547
26530981715784478342
15822327020690287232
33005386216347988509
46954720047952311201
50432932266282727632
17790884008786148022
14753765781058197022
26309717495072127248
47947816957296142365
85957820908307332335
60348465318730293026
65964501371837542889
75579714499246540386
81799213893469244741
98509733462679332107
26868707680626399193
61965044099542167627
84091466985692571507
43157407938053239252
39477557441591845821
56251819215523370960
74833292349210345146
26437449805596103307
99414534778457469999
21285999993996122816
15219314888769388022
28108300198601654941
65426169685867883726
09587745676182507275
99295089318052187292
46108676399589161458
55058397274209809097
81729323930106766386
82404011130402470073
50857828724627134946
36853181546969046696
86939254725194139929
14652423857762550047
48529547681479546700
70503479995888676950
16124972282040303995
46327883069597624936
15101024365553522306
90612949388599015734
66102371223547891129
25476961760050479749
28060721268039226911
02777226102544149221
57650450812067717357
12027180242968106203
77657883716690910941
80744878140490755178